time	5.31	4.64	4.63	0.282633371	0.222474461	0.198637911	0.296254257
love	8.72	6.44	7.11	0.363083164	0.139959432	0.168356998	0.328600406
people	7.33	5.94	6.14	0.174233129	0.355828221	0.159509202	0.310429448
happy	8.21	6.49	6.63	0.368078176	0.169381107	0.140065147	0.32247557
hope	7.05	5.44	5.52	0.288372093	0.158139535	0.265116279	0.288372093
thought	6.39	4.83	6.02	0.256281407	0.216080402	0.256281407	0.271356784
friend	7.74	5.74	6.74	0.251308901	0.256544503	0.193717277	0.298429319
kind	7.59	4.46	5.95	0.325925926	0.214814815	0.237037037	0.222222222
car	7.73	6.24	6.98	0.25974026	0.298701299	0.318181818	0.123376623
part	5.11	3.82	4.75	0.228395062	0.25308642	0.24691358	0.271604938
kids	6.91	5.27	5.07	0.418604651	0.302325581	0.11627907	0.162790698
watch	5.78	4.1	5.37	0.368421053	0.157894737	0.189473684	0.284210526
hard	5.22	5.12	5.59	0.183246073	0.219895288	0.272251309	0.32460733
food	7.65	5.92	6.18	0.409638554	0.192771084	0.144578313	0.253012048
mind	6.68	5	6.37	0.244444444	0.162962963	0.355555556	0.237037037
bed	7.51	3.61	6.88	0.366666667	0.144444444	0.244444444	0.244444444
door	5.13	3.8	4.69	0.413333333	0.226666667	0.293333333	0.066666667
sleep	7.2	2.8	5.41	0.197368421	0.236842105	0.25	0.315789474
man	6.73	5.24	5.53	0.348837209	0.255813953	0.23255814	0.162790698
computer	6.24	4.75	5.29	0.428571429	0.3	0.085714286	0.185714286
month	5.15	4.03	4.85	0.34939759	0.313253012	0.204819277	0.13253012
city	6.03	5.24	5.74	0.531914894	0.234042553	0.106382979	0.127659574
book	5.72	4.17	5.3	0.438596491	0.368421053	0.052631579	0.140350877
beautiful	7.6	6.17	6.29	0.520833333	0.125	0.083333333	0.270833333
world	6.5	5.32	5.26	0.164383562	0.342465753	0.212328767	0.280821918
money	7.59	5.7	6.25	0.192	0.368	0.264	0.176
eat	7.47	5.69	5.6	0.269662921	0.325842697	0.202247191	0.202247191
name	5.55	4.25	5.16	0.47826087	0.195652174	0.195652174	0.130434783
loved	8.64	6.38	6.62	0.338461538	0.092307692	0.230769231	0.338461538
baby	8.22	5.53	5	0.362068966	0.155172414	0.120689655	0.362068966
snow	7.08	5.75	5.8	0.64516129	0.032258065	0.096774194	0.225806452
cold	4.02	5.19	4.69	0.277777778	0.208333333	0.25	0.263888889
church	6.28	4.34	5	0.526315789	0.078947368	0.157894737	0.236842105
woman	6.64	5.32	6.33	0.358490566	0.320754717	0.245283019	0.075471698
event	6.21	5.1	5.52	0.678571429	0.178571429	0.035714286	0.107142857
body	5.55	5.52	5.34	0.303571429	0.285714286	0.232142857	0.178571429
tree	6.32	3.42	5.08	0.555555556	0.037037037	0.259259259	0.148148148
hit	4.33	5.73	4.88	0.211267606	0.197183099	0.338028169	0.253521127
fall	4.09	4.7	4	0.211267606	0.267605634	0.126760563	0.394366197
bus	4.51	3.55	4.84	0.3	0.2	0.32	0.18
white	6.47	4.37	5.98	0.341463415	0.414634146	0.12195122	0.12195122
song	7.1	6.07	5.85	0.311111111	0.266666667	0.177777778	0.244444444
mother	8.39	6.13	5.74	0.14893617	0.404255319	0.180851064	0.265957447
idea	7	5.86	6.26	0.184210526	0.263157895	0.355263158	0.197368421
free	8.26	5.15	6.35	0.342105263	0.184210526	0.263157895	0.210526316
wife	6.33	4.93	5.57	0.571428571	0.095238095	0.19047619	0.142857143
proud	8.03	5.56	6.74	0.666666667	0.166666667	0.055555556	0.111111111
paper	5.2	2.5	4.47	0.315789474	0.236842105	0.263157895	0.184210526
hand	5.95	4.4	5.35	0.230769231	0.346153846	0.230769231	0.192307692
easy	7.1	4.48	7	0.3	0.175	0.3	0.225
dark	4.71	4.28	4.84	0.292682927	0.073170732	0.317073171	0.317073171
art	6.68	4.86	5.3	0.4	0.333333333	0.2	0.066666667
spring	7.76	5.67	6.26	0.34375	0.46875	0.0625	0.125
office	5.24	4.08	5.59	0.392857143	0.142857143	0.321428571	0.142857143
dead	1.94	5.73	2.84	0.22	0.14	0.44	0.2
bar	6.42	5	5.47	0.366666667	0.233333333	0.166666667	0.233333333
table	5.22	2.92	4.47	0.434782609	0.217391304	0.260869565	0.086956522
cell	3.82	4.08	4.12	0.476190476	0.142857143	0.095238095	0.285714286
building	5.29	3.92	5.25	0.476190476	0.19047619	0.142857143	0.19047619
bowl	5.33	3.47	4.69	0.588235294	0.176470588	0	0.235294118
angel	7.53	4.83	4.97	0.666666667	0.133333333	0	0.2
win	8.38	7.72	7.39	0.473684211	0.105263158	0.157894737	0.263157895
teacher	5.68	4.05	5.11	0.214285714	0.452380952	0.214285714	0.119047619
sugar	6.74	5.64	5.5	0.6	0.133333333	0.2	0.066666667
slow	3.93	3.39	4.35	0.473684211	0.157894737	0.210526316	0.157894737
restaurant	6.76	5.41	5.73	0.692307692	0	0.153846154	0.153846154
red	6.41	5.29	5.78	0.36	0.36	0.2	0.08
quick	6.64	6.57	6.57	0.5	0.444444444	0.055555556	0
news	5.3	5.17	4.6	0.191489362	0.340425532	0.276595745	0.191489362
king	7.26	5.51	7.38	0.692307692	0.230769231	0	0.076923077
kick	4.31	4.9	5.5	0.321428571	0.357142857	0.178571429	0.142857143
butter	5.33	3.17	4.67	0.75	0.083333333	0.166666667	0
blue	6.76	4.31	5.63	0.375	0.291666667	0.208333333	0.125
bath	7.33	4.16	6.41	0.692307692	0	0.230769231	0.076923077
wonder	6.03	5	5.32	0.133333333	0.2	0.366666667	0.3
vacation	8.16	5.64	6.8	0.571428571	0.142857143	0.142857143	0.142857143
safe	7.07	3.86	5.81	0.285714286	0.071428571	0.357142857	0.285714286
friendly	8.43	5.11	5.92	0.533333333	0.066666667	0.066666667	0.333333333
fantasy	7.41	5.14	6.43	0.666666667	0	0.166666667	0.166666667
cat	5.72	4.38	6.16	0.363636364	0.136363636	0.181818182	0.318181818
cake	7.26	5	5.16	0.615384615	0.076923077	0.153846154	0.153846154
bake	6.17	5.1	5.49	0.615384615	0.153846154	0	0.230769231
air	6.34	4.12	5.1	0.4	0.15	0.4	0.05
seat	4.95	2.95	4.84	0.411764706	0.235294118	0.176470588	0.176470588
plain	4.39	3.52	4.71	0.333333333	0.238095238	0.095238095	0.333333333
lucky	8.17	6.53	6.05	0.24137931	0.103448276	0.344827586	0.310344828
kiss	8.26	7.32	6.93	0.388888889	0.111111111	0.166666667	0.333333333
hospital	5.04	5.98	4.69	0.225806452	0.032258065	0.387096774	0.35483871
dog	7.57	5.76	6.25	0.137254902	0.254901961	0.450980392	0.156862745
decorate	6.93	5.14	6.05	0.875	0	0	0.125
cut	3.64	5	4.7	0.120689655	0.224137931	0.172413793	0.482758621
boy	6.32	4.58	5.34	0.205882353	0.441176471	0.205882353	0.147058824
black	5.39	4.61	5.14	0.24137931	0.482758621	0.206896552	0.068965517
save	6.45	4.95	6	0.2	0.333333333	0.233333333	0.233333333
rock	5.56	4.52	5.15	0.315789474	0.368421053	0.105263158	0.210526316
respect	7.64	5.19	6.89	0.25	0.375	0.125	0.25
odd	4.82	4.27	4.77	0.272727273	0.272727273	0.045454545	0.409090909
letter	6.61	4.9	5.73	0.25	0.166666667	0.375	0.208333333
history	5.24	3.93	4.83	0.206896552	0.379310345	0.310344828	0.103448276
child	7.08	5.55	5.1	0.193548387	0.258064516	0	0.548387097
window	5.91	3.97	4.91	0.192307692	0.230769231	0.5	0.076923077
water	6.61	4.97	5.08	0.227272727	0.409090909	0.363636364	0
trust	6.68	5.3	6.61	0.1	0.28	0.38	0.24
trouble	3.03	6.85	4.85	0.208333333	0.208333333	0.458333333	0.125
mail	6.88	5.63	5.67	0.277777778	0.555555556	0	0.166666667
learn	7.15	5.39	6.34	0.151515152	0.333333333	0.272727273	0.242424242
journal	5.14	4.05	5.26	0.125	0.225	0.35	0.3
honest	7.7	5.32	6.24	0.263157895	0.210526316	0.368421053	0.157894737
glass	4.75	4.27	5	0.294117647	0	0.117647059	0.588235294
fire	3.22	7.17	4.49	0.227272727	0.045454545	0.545454545	0.181818182
father	7.08	5.92	5.63	0.119047619	0.285714286	0.238095238	0.357142857
chance	6.02	5.38	4.64	0.087719298	0.157894737	0.245614035	0.50877193
accident	2.05	6.26	3.76	0.333333333	0.066666667	0.466666667	0.133333333
war	2.08	7.49	4.5	0.266666667	0.466666667	0.2	0.066666667
treat	7.36	5.62	5.78	0.19047619	0.428571429	0.19047619	0.19047619
serious	5.08	4	5.12	0.129032258	0.225806452	0.387096774	0.258064516
quiet	5.58	2.82	4.42	0.2	0.2	0.2	0.4
power	6.54	6.67	7.28	0.222222222	0.111111111	0.555555556	0.111111111
joy	8.6	7.22	6.28	0.333333333	0	0.083333333	0.583333333
hug	8	5.35	5.79	0.210526316	0.105263158	0.210526316	0.473684211
cheer	8.1	6.12	6	0.333333333	0.166666667	0.166666667	0.333333333
broken	3.05	5.43	4.14	0.093023256	0.069767442	0.325581395	0.511627907
bathroom	5.55	3.88	5.65	0.173913043	0.260869565	0.391304348	0.173913043
young	6.89	5.64	5.3	0.166666667	0.111111111	0.388888889	0.333333333
ugly	2.43	5.38	4.26	0.15	0.35	0	0.5
lie	2.79	5.96	3.3	0.081081081	0.081081081	0.324324324	0.513513514
health	6.81	5.13	5.83	0.142857143	0.19047619	0.428571429	0.238095238
dirty	3.08	4.88	4.7	0.176470588	0.529411765	0.235294118	0.058823529
alive	7.25	5.5	6.39	0.157894737	0.105263158	0.368421053	0.368421053
unhappy	1.57	4.18	3.34	0.153846154	0.076923077	0.230769231	0.538461538
strong	7.11	5.92	6.92	0.08	0.2	0.28	0.44
social	6.88	4.98	5.91	0.066666667	0.266666667	0.4	0.266666667
idiot	3.16	4.21	3.18	0.068965517	0.379310345	0.034482759	0.517241379
failure	1.7	4.95	2.4	0.086956522	0.130434783	0.347826087	0.434782609
excuse	4.05	4.48	4.07	0.090909091	0.363636364	0.363636364	0.181818182
confused	3.21	6.03	4.24	0.090909091	0.181818182	0.227272727	0.5
cancer	1.5	6.42	3.42	0.1	0	0.6	0.3
anxious	4.81	6.92	5.33	0.153846154	0	0.692307692	0.153846154
annoy	2.74	6.49	5.09	0.222222222	0.777777778	0	0
truth	7.8	5	6.47	0.047619048	0.428571429	0.19047619	0.333333333
terrible	1.93	6.27	3.58	0.045454545	0.318181818	0.409090909	0.227272727
space	6.78	5.14	5.2	0.055555556	0.5	0.277777778	0.166666667
dentist	4.02	5.73	3.8	0.037037037	0.074074074	0.259259259	0.62962963
damage	3.05	5.57	3.88	0.090909091	0	0.818181818	0.090909091
waste	2.93	4.14	4.72	0	0.4	0.05	0.55
valentine	8.11	6.06	5.81	0	0	0	1
useless	2.13	4.87	3.92	0	0.7	0.1	0.2
sex	8.05	7.36	5.75	0	0.714285714	0.142857143	0.142857143
scream	3.88	7.04	4.75	0	0.470588235	0.294117647	0.235294118
rough	4.74	5.33	4.81	0	0	0.692307692	0.307692308
mistake	2.86	5.18	3.86	0	0.222222222	0.5	0.277777778
hide	4.32	5.28	3.4	0	0.166666667	0.611111111	0.222222222
guilty	2.63	6.04	3.09	0	0	0.6	0.4
filth	2.47	5.12	3.81	0	0	0	1
abortion	3.5	5.39	4.59	0	0	0	1